Number:
746
570
651
998
952
1000
999
997
998
999
999
1000
995
996
1000
999
1000
997
1000
1000
998
1000
997
1000
1000
1000
1000
1000
1000
1000
1000
998
994
1000
998
998
994
998
999
1000
999
998
1000
998
998
997
998
999
999
1000
996
997
1000
1000
992
999
1000
999
998
998
1000
999
999
995
998
1000
1000
1000
1000
1000
997
999
997
993
1000
997
995
1000
1000
994
997
996
992
1000
1000
998
997
1000
998
993
995
1000
1000
1000
1000
998
1000
993
1000
994
1000
999
990
994
997
999
994
995
997
998
1000
998
996
1000
999
999
999
999
1000
1000
999
1000
999
1000
999
999
997
1000
995
999
996
996
1000
999
999
1000
1000
989
1000
1000
1000
998
1000
998
1000
1000
998
999
1000
1000
996
995
1000
1000
1000
999
998
1000
999
999
996
1000
1000
1000
999
1000
1000
1000
997
996
999
1000
996
1000
999
998
1000
1000
999
999
998
998
1000
998
987
997
999
1000
998
999
998
1000
998
996
1000
999
998
1000
999
995
1000
999
1000
1000
999
996
1000
1000
999
999
997
999
998
999
996
1000
999
999
999
1000
997
998
997
1000
1000
998
998
1000
998
1000
999
998
999
998
1000
998
998
997
999
1000
998
1000
997
998
998
998
998
996
1000
1000
998
999
1000
998
1000
1000
1000
999
1000
1000
997
997
996
1000
1000
997
1000
999
1000
1000
997
991
998
995
998
999
999
999
1000
994
996
1000
999
1000
1000
999
1000
998
998
995
1000
996
998
1000
1000
998
998
1000
999
1000
999
994
1000
1000
993
997
1000
998
1000
1000
998
1000
1000
998
999
998
999
1000
1000
999
1000
1000
1000
997
998
999
999
1000
1000
1000
1000
1000
999
997
998
1000
997
996
999
998
998
994
1000
999
997
998
1000
1000
991
999
1000
997
991
999
995
1000
996
998
1000
1000
999
998
999
996
999
1000
999
998
1000
1000
1000
998
1000
1000
996
999
1000
1000
999
999
997
999
1000
998
994
993
999
1000
999
987
998
1000
995
1000
1000
999
997
999
995
997
999
998
1000
995
998
1000
1000
1000
1000
999
998
998
1000
1000
999
997
998
1000
999
999
994
1000
1000
1000
996
990
1000
999
1000
994
1000
1000
992
1000
999
999
998
999
999
999
1000
999
1000
996
993
1000
999
1000
1000
1000
997
1000
998
999
998
996
1000
999
1000
1000
998
999
1000
998
996
999
1000
999
999
1000
999
996
997
997
995
999
1000
1000
1000
997
1000
1000
998
1000
1000
995
1000
999
1000
1000
999
998
999
996
1000
996
1000
995
1000
997

Index: 
226
227
228
227
226
227
64
185
342
111
416
244
377
194
398
392
186
267
1
297
451
212
37
62
148
305
102
330
11
180
341
53
5
182
271
316
380
239
119
378
447
162
284
217
311
160
372
139
261
167
320
128
212
3
214
342
94
213
243
111
216
384
461
89
281
211
60
115
216
34
264
476
80
378
135
430
7
95
29
165
69
115
203
467
242
268
64
427
201
219
278
484
214
231
480
194
360
289
12
166
168
114
146
32
396
369
452
214
28
92
229
195
12
236
350
115
265
131
280
105
225
431
290
422
286
301
164
371
196
180
57
21
13
204
148
253
368
239
168
235
399
261
51
92
386
273
359
191
55
126
138
245
372
74
111
469
30
205
165
56
477
243
44
75
91
483
371
278
115
10
124
259
207
126
392
75
307
322
143
134
176
405
429
462
344
97
475
242
354
309
150
12
62
478
157
288
458
279
183
234
14
49
26
106
8
74
340
262
261
293
11
186
281
127
177
12
472
34
41
480
218
291
41
463
149
66
276
41
80
242
72
55
9
304
346
60
347
247
95
93
294
375
37
283
10
90
164
108
186
356
427
327
425
206
362
266
268
45
10
79
87
306
422
42
121
340
277
65
12
449
406
397
41
95
280
368
396
36
243
279
53
325
196
462
95
435
230
159
151
287
243
273
276
265
43
215
431
117
197
71
183
395
258
387
418
211
116
444
68
460
427
113
378
327
156
237
271
433
72
498
259
81
206
62
402
346
160
100
152
147
355
355
13
209
267
468
345
51
110
394
156
6
217
20
101
95
131
284
70
86
219
141
208
407
362
0
201
382
200
58
334
345
101
5
407
67
287
239
162
115
248
21
276
212
98
199
37
121
273
434
458
152
5
75
312
421
221
276
148
87
108
335
270
136
52
90
406
396
291
71
367
309
393
340
39
491
266
368
56
273
100
316
145
404
280
83
198
298
425
87
82
297
440
2
43
51
141
103
482
316
150
77
100
81
151
63
59
435
308
128
251
453
335
334
263
199
176
406
324
0
316
373
290
420
282
42
277
261
6
281
86
311
245
57
334
63
418
80
382
462
65
406
62
73
494
262
115
427
442
459
230
281
455
303
199
23
13
348
242
17
28
9
220
66
315
353
77
355
161
336
